root@robin:/mnt# io -4 -r -l 0x1000 0xFE660000
0xfe660000:  00000001 0201743b 0001ef31 00000013
0xfe660010:  00000000 00000000 00000000 00000000
0xfe660020:  00000000 00000000 00000000 00000000
0xfe660030:  00000000 00000000 00000000 00000000
0xfe660040:  00000000 00000000 00000000 00000000
0xfe660050:  00000000 00000000 00000000 00000000
0xfe660060:  00000000 00000000 00000000 00000000
0xfe660070:  00000000 00000000 00000000 00000000
0xfe660080:  0023000f 88000001 00000400 00000000
0xfe660090:  00000400 00000000 00000000 00000000
0xfe6600a0:  00000000 00000000 00000000 00000000
0xfe6600b0:  00000000 00000000 00000000 00000000
0xfe6600c0:  00000000 00000000 00000000 00000000
0xfe6600d0:  00000000 00000000 00000000 00000000
0xfe6600e0:  00000000 00000000 00000000 00000000
0xfe6600f0:  00000000 00000000 00000000 00000000
0xfe660100:  00240200 c9070001 00250200 8c010001
0xfe660110:  00000000 00000000 00000000 00000000
0xfe660120:  00000000 00000000 00000000 00000000
0xfe660130:  00000000 00000000 00000000 00000000
0xfe660140:  00000000 00000000 00000000 00000000
0xfe660150:  00000000 00000000 00000000 00000000
0xfe660160:  00000000 00000000 00000000 00000000
0xfe660170:  00000000 00000000 00000000 00000000
0xfe660180:  00000000 00000000 00000000 00000000
0xfe660190:  00000000 00000000 00000000 00000000
0xfe6601a0:  00000000 00000000 00000000 00000000
0xfe6601b0:  00000000 00000000 00000000 00000000
0xfe6601c0:  00000000 00000000 00000000 00000000
0xfe6601d0:  00000000 00000000 00000000 00000000
0xfe6601e0:  00000000 00000000 00000000 00000000
0xfe6601f0:  00000000 00000000 00000000 00000000
0xfe660200:  00000000 00000000 00000000 00000000
0xfe660210:  00000000 00000000 00000000 00000000
0xfe660220:  00000000 00000000 00000000 00000000
0xfe660230:  00000000 00000000 00000000 00000000
0xfe660240:  00000000 00000000 00000000 00000000
0xfe660250:  00000000 00000000 00000000 00000000
0xfe660260:  00000000 00000000 00000000 00000000
0xfe660270:  00000000 00000000 00000000 00000000
0xfe660280:  00000000 00000000 00000000 00000000
0xfe660290:  00000000 00000000 00000000 00000000
0xfe6602a0:  00000000 00000000 00000000 00000000
0xfe6602b0:  00000000 00000000 00000000 00000000
0xfe6602c0:  00000000 00000000 00000000 00000000
0xfe6602d0:  00000000 00000000 00000000 00000000
0xfe6602e0:  00000000 00000000 00000000 00000000
0xfe6602f0:  00000000 00000000 00000000 00000000
0xfe660300:  00000000 00000000 00000000 00000000
0xfe660310:  00000000 00000000 00000000 00000000
0xfe660320:  00000000 00000000 00000000 00000000
0xfe660330:  00000000 00000000 00000000 00000000
0xfe660340:  00000000 00000000 00000000 00000000
0xfe660350:  00000000 00000000 00000000 00000000
0xfe660360:  00000000 00000000 00000000 00000000
0xfe660370:  00000000 00000000 00000000 00000000
0xfe660380:  00000000 00000000 00000000 00000000
0xfe660390:  00000000 00000000 00000000 00000000
0xfe6603a0:  00000000 00000000 00000000 00000000
0xfe6603b0:  00000000 00000000 00000000 00000000
0xfe6603c0:  00000000 00000000 00000000 00000000
0xfe6603d0:  00000000 00000000 00000000 00000000
0xfe6603e0:  00000000 00000000 00000000 00000000
0xfe6603f0:  00000000 00000000 00000000 00000000
0xfe660400:  00000000 00000000 00000000 00000000
0xfe660410:  00000000 00000000 00000000 00000000
0xfe660420:  00000000 00000000 00000000 00000000
0xfe660430:  00000000 00000000 00000000 00000000
0xfe660440:  00000000 00000000 00000000 00000000
0xfe660450:  00000000 00000000 00000000 00000000
0xfe660460:  00000000 00000000 00000000 00000000
0xfe660470:  00000000 00000000 00000000 00000000
0xfe660480:  00000000 00000000 00000000 00000000
0xfe660490:  00000000 00000000 00000000 00000000
0xfe6604a0:  00000000 00000000 00000000 00000000
0xfe6604b0:  00000000 00000000 00000000 00000000
0xfe6604c0:  00000000 00000000 00000000 00000000
0xfe6604d0:  00000000 00000000 00000000 00000000
0xfe6604e0:  00000000 00000000 00000000 00000000
0xfe6604f0:  00000000 00000000 00000000 00000000
0xfe660500:  00000000 00000000 00000000 00000000
0xfe660510:  00000000 00000000 00000000 00000000
0xfe660520:  00000000 00000000 00000000 00000000
0xfe660530:  00000000 00000000 00000000 00000000
0xfe660540:  00000000 00000000 00000000 00000000
0xfe660550:  00000000 00000000 00000000 00000000
0xfe660560:  00000000 00000000 00000000 00000000
0xfe660570:  00000000 00000000 00000000 00000000
0xfe660580:  00000000 00000000 00000000 00000000
0xfe660590:  00000000 00000000 00000000 00000000
0xfe6605a0:  00000000 00000000 00000000 00000000
0xfe6605b0:  00000000 00000000 00000000 00000000
0xfe6605c0:  00000000 00000000 00000000 00000000
0xfe6605d0:  00000000 00000000 00000000 00000000
0xfe6605e0:  00000000 00000000 00000000 00000000
0xfe6605f0:  00000000 00000000 00000000 00000000
0xfe660600:  00000000 00000000 00000000 00000000
0xfe660610:  00000000 00000000 00000000 00000000
0xfe660620:  00000000 00000000 00000000 00000000
0xfe660630:  00000000 00000000 00000000 00000000
0xfe660640:  00000000 00000000 00000000 00000000
0xfe660650:  00000000 00000000 00000000 00000000
0xfe660660:  00000000 00000000 00000000 00000000
0xfe660670:  00000000 00000000 00000000 00000000
0xfe660680:  00000000 00000000 00000000 00000000
0xfe660690:  00000000 00000000 00000000 00000000
0xfe6606a0:  00000000 00000000 00000000 00000000
0xfe6606b0:  00000000 00000000 00000000 00000000
0xfe6606c0:  00000000 00000000 00000000 00000000
0xfe6606d0:  00000000 00000000 00000000 00000000
0xfe6606e0:  00000000 00000000 00000000 00000000
0xfe6606f0:  00000000 00000000 00000000 00000000
0xfe660700:  00000000 00000000 00000000 00000000
0xfe660710:  00000000 00000000 00000000 00000000
0xfe660720:  00000000 00000000 00000000 00000000
0xfe660730:  00000000 00000000 00000000 00000000
0xfe660740:  00000000 00000000 00000000 00000000
0xfe660750:  00000000 00000000 00000000 00000000
0xfe660760:  00000000 00000000 00000000 00000000
0xfe660770:  00000000 00000000 00000000 00000000
0xfe660780:  00000000 00000000 00000000 00000000
0xfe660790:  00000000 00000000 00000000 00000000
0xfe6607a0:  00000000 00000000 00000000 00000000
0xfe6607b0:  00000000 00000000 00000000 00000000
0xfe6607c0:  00000000 00000000 00000000 00000000
0xfe6607d0:  00000000 00000000 00000000 00000000
0xfe6607e0:  00000000 00000000 00000000 00000000
0xfe6607f0:  00000000 00000000 00000000 00000000
0xfe660800:  00000000 00000000 00000000 00000000
0xfe660810:  00000000 00000000 00000000 00000000
0xfe660820:  00000000 00000000 00000000 00000000
0xfe660830:  00000000 00000000 00000000 00000000
0xfe660840:  00000000 00000000 00000000 00000000
0xfe660850:  00000000 00000000 00000000 00000000
0xfe660860:  00000000 00000000 00000000 00000000
0xfe660870:  00000000 00000000 00000000 00000000
0xfe660880:  00000000 00000000 00000000 00000000
0xfe660890:  00000000 00000000 00000000 00000000
0xfe6608a0:  00000000 00000000 00000000 00000000
0xfe6608b0:  00000000 00000000 00000000 00000000
0xfe6608c0:  00000000 00000000 00000000 00000000
0xfe6608d0:  00000000 00000000 00000000 00000000
0xfe6608e0:  00000000 00000000 00000000 00000000
0xfe6608f0:  00000000 00000000 00000000 00000000
0xfe660900:  00000000 00000000 00000000 00000000
0xfe660910:  00000000 00000000 00000000 00000000
0xfe660920:  00000000 00000000 00000000 00000000
0xfe660930:  00000000 00000000 00000000 00000000
0xfe660940:  00000000 00000000 00000000 00000000
0xfe660950:  00000000 00000000 00000000 00000000
0xfe660960:  00000000 00000000 00000000 00000000
0xfe660970:  00000000 00000000 00000000 00000000
0xfe660980:  00000000 00000000 00000000 00000000
0xfe660990:  00000000 00000000 00000000 00000000
0xfe6609a0:  00000000 00000000 00000000 00000000
0xfe6609b0:  00000000 00000000 00000000 00000000
0xfe6609c0:  00000000 00000000 00000000 00000000
0xfe6609d0:  00000000 00000000 00000000 00000000
0xfe6609e0:  00000000 00000000 00000000 00000000
0xfe6609f0:  00000000 00000000 00000000 00000000
0xfe660a00:  00000000 00000000 00000000 00000000
0xfe660a10:  00000000 00000000 00000000 00000000
0xfe660a20:  00000000 00000000 00000000 00000000
0xfe660a30:  00000000 00000000 00000000 00000000
0xfe660a40:  00000000 00000000 00000000 00000000
0xfe660a50:  00000000 00000000 00000000 00000000
0xfe660a60:  00000000 00000000 00000000 00000000
0xfe660a70:  00000000 00000000 00000000 00000000
0xfe660a80:  00000000 00000000 00000000 00000000
0xfe660a90:  00000000 00000000 00000000 00000000
0xfe660aa0:  00000000 00000000 00000000 00000000
0xfe660ab0:  00000000 00000000 00000000 00000000
0xfe660ac0:  00000000 00000000 00000000 00000000
0xfe660ad0:  00000000 00000000 00000000 00000000
0xfe660ae0:  00000000 00000000 00000000 00000000
0xfe660af0:  00000000 00000000 00000000 00000000
0xfe660b00:  00000000 00000000 00000000 00000000
0xfe660b10:  00000000 00000000 00000000 00000000
0xfe660b20:  00000000 00000000 00000000 00000000
0xfe660b30:  00000000 00000000 00000000 00000000
0xfe660b40:  00000000 00000000 00000000 00000000
0xfe660b50:  00000000 00000000 00000000 00000000
0xfe660b60:  00000000 00000000 00000000 00000000
0xfe660b70:  00000000 00000000 00000000 00000000
0xfe660b80:  00000000 00000000 00000000 00000000
0xfe660b90:  00000000 00000000 00000000 00000000
0xfe660ba0:  00000000 00000000 00000000 00000000
0xfe660bb0:  00000000 00000000 00000000 00000000
0xfe660bc0:  00000000 00000000 00000000 00000000
0xfe660bd0:  00000000 00000000 00000000 00000000
0xfe660be0:  00000000 00000000 00000000 00000000
0xfe660bf0:  00000000 00000000 00000000 00000000
0xfe660c00:  00000000 00000000 00000000 00000000
0xfe660c10:  00000000 00000000 00000000 00000000
0xfe660c20:  00000000 00000000 00000000 00000000
0xfe660c30:  00000000 00000000 00000000 00000000
0xfe660c40:  00000000 00000000 00000000 00000000
0xfe660c50:  00000000 00000000 00000000 00000000
0xfe660c60:  00000000 00000000 00000000 00000000
0xfe660c70:  00000000 00000000 00000000 00000000
0xfe660c80:  00000000 00000000 00000000 00000000
0xfe660c90:  00000000 00000000 00000000 00000000
0xfe660ca0:  00000000 00000000 00000000 00000000
0xfe660cb0:  00000000 00000000 00000000 00000000
0xfe660cc0:  00000000 00000000 00000000 00000000
0xfe660cd0:  00000000 00000000 00000000 00000000
0xfe660ce0:  00000000 00000000 00000000 00000000
0xfe660cf0:  00000000 00000000 00000000 00000000
0xfe660d00:  00000000 00000000 00000000 00000000
0xfe660d10:  00000000 00000000 00000000 00000000
0xfe660d20:  00000000 00000000 00000000 00000000
0xfe660d30:  00000000 00000000 00000000 00000000
0xfe660d40:  00000000 00000000 00000000 00000000
0xfe660d50:  00000000 00000000 00000000 00000000
0xfe660d60:  00000000 00000000 00000000 00000000
0xfe660d70:  00000000 00000000 00000000 00000000
0xfe660d80:  00000000 00000000 00000000 00000000
0xfe660d90:  00000000 00000000 00000000 00000000
0xfe660da0:  00000000 00000000 00000000 00000000
0xfe660db0:  00000000 00000000 00000000 00000000
0xfe660dc0:  00000000 00000000 00000000 00000000
0xfe660dd0:  00000000 00000000 00000000 00000000
0xfe660de0:  00000000 00000000 00000000 00000000
0xfe660df0:  00000000 00000000 00000000 00000000
0xfe660e00:  00000000 00000000 00000000 00000000
0xfe660e10:  00000000 00000000 00000000 00000000
0xfe660e20:  00000000 00000000 00000000 00000000
0xfe660e30:  00000000 00000000 00000000 00000000
0xfe660e40:  00000000 00000000 00000000 00000000
0xfe660e50:  00000000 00000000 00000000 00000000
0xfe660e60:  00000000 00000000 00000000 00000000
0xfe660e70:  00000000 00000000 00000000 00000000
0xfe660e80:  00000000 00000000 00000000 00000000
0xfe660e90:  00000000 00000000 00000000 00000000
0xfe660ea0:  00000000 00000000 00000000 00000000
0xfe660eb0:  00000000 00000000 00000000 00000000
0xfe660ec0:  00000000 00000000 00000000 00000000
0xfe660ed0:  00000000 00000000 00000000 00000000
0xfe660ee0:  00000000 00000000 00000000 00000000
0xfe660ef0:  00000000 00000000 00000000 00000000
0xfe660f00:  00000000 00000000 00000000 00000000
0xfe660f10:  00000000 00000000 00000000 00000000
0xfe660f20:  00000000 00000000 00000000 00000000
0xfe660f30:  00000000 00000000 00000000 00000000
0xfe660f40:  00000000 00000000 00000000 00000000
0xfe660f50:  00000000 00000000 00000000 00000000
0xfe660f60:  00000000 00000000 00000000 00000000
0xfe660f70:  00000000 00000000 00000000 00000000
0xfe660f80:  00000000 00000000 00000000 00000000
0xfe660f90:  00000000 00000000 00000000 00000000
0xfe660fa0:  00000000 00000000 00000000 00000000
0xfe660fb0:  00000000 00000000 00000000 00000000
0xfe660fc0:  00000000 00000000 00000000 00000000
0xfe660fd0:  00000000 00000000 00000000 00000000
0xfe660fe0:  00000000 00000000 00000000 00000000
0xfe660ff0:  00000000 00000000 00000000 00000000